<?xml version="1.0"?>
<opencv_storage>
<Camera_matrix type_id="opencv-matrix">
  <rows>3</rows>
  <cols>3</cols>
  <dt>d</dt>
  <data>
    1.2164267259418400e+04 0. -7.0542355030542330e+02 0.
    1.7106254979451630e+03 1.6233282461687995e+02 0. 0. 1.</data></Camera_matrix>
<Distortion_coefficients type_id="opencv-matrix">
  <rows>1</rows>
  <cols>5</cols>
  <dt>d</dt>
  <data>
    3.1099667825539647e+00 -5.5730821747528444e+02
    -1.8018184144669566e-01 -4.3076517476557608e-01
    1.4653299149385886e+04</data></Distortion_coefficients>
</opencv_storage>
